73.0
74.33333333333333
51.333333333333336
51.333333333333336
49.0
79.33333333333333
82.33333333333333
72.66666666666667
44.0
46.666666666666664
69.66666666666667
74.66666666666667
62.333333333333336
93.66666666666667
52.333333333333336
66.33333333333333
75.0
69.0
61.0
50.333333333333336
30.666666666666668
56.0
64.33333333333333
43.666666666666664
56.0
59.666666666666664
85.33333333333333
57.0
73.0
64.0
46.0
55.0
72.66666666666667
60.0
44.0
59.666666666666664
80.0
69.66666666666667
42.0
50.666666666666664
54.666666666666664
58.333333333333336
79.0
53.0
56.0
47.666666666666664
45.666666666666664
44.333333333333336
63.333333333333336
66.0
50.666666666666664
59.6078431372549 62.333333333333336 59.6078431372549 